image_width: 640
image_height: 480
camera_name: camera_left
camera_matrix:
  rows: 3
  cols: 3
  data: [701.4645695983023, 0.0, 452.8928048654208, 0.0, 695.6544595390308, 250.95880329912669, 0.0, 0.0, 1.0]
distortion_model: plumb_bob
distortion_coefficients:
  rows: 1
  cols: 5
  data: [-0.07423693902661463, 0.0900478517612872, -0.0029757729602345627, 0.0187452803060182, 0.0]
rectification_matrix:
  rows: 3
  cols: 3
  data: [0.7825941866951475, 0.23880289819275063, -0.5749082663918686, -0.2402697837929404, 0.9678093141725839, 0.07493705623312573, 0.574296761219367, 0.07948778029065687, 0.8147790638187814]
projection_matrix:
  rows: 3
  cols: 4
  data: [1496.1562226147448, 0.0, 1366.7269344329834, 0.0, 0.0, 1496.1562226147448, 66.01756381988525, 0.0, 0.0, 0.0, 1.0, 0.0]