image_width: 640
image_height: 480
camera_name: camera_right
camera_matrix:
  rows: 3
  cols: 3
  data: [753.8320045894901, 0.0, 511.24128055793227, 0.0, 728.8870094752773, 248.33547479134387, 0.0, 0.0, 1.0]
distortion_model: plumb_bob
distortion_coefficients:
  rows: 1
  cols: 5
  data: [0.22354521321245155, -0.10579435659582768, 0.005917417872364443, 0.08387299131738946, 0.0]
rectification_matrix:
  rows: 3
  cols: 3
  data: [0.8047868063639886, 0.2531870436697164, -0.5368561420159419, -0.2518241593891704, 0.964669276770368, 0.07744533041619146, 0.5374967805023485, 0.07286636654262704, 0.8401117208898385]
projection_matrix:
  rows: 3
  cols: 4
  data: [1496.1562226147448, 0.0, 1366.7269344329834, -1602.4719687155157, 0.0, 1496.1562226147448, 66.01756381988525, 0.0, 0.0, 0.0, 1.0, 0.0]